3326
3325
3324
3323
3321
3320
3319
3317
3316
3315
3314
3313
3312
3311
3309
3308
3307
256379
256378
256371
256368
256360
256359
256358
256356
256355
256353
256352
256343
256340
256339
256334
256325
256318
256315
256311
4643
4641
4640
4638
4629
4627
4626
4623
4606
4604
4600
4598
4597
4594
4587
4584
22719
22718
22715
22713
22709
22703
22696
22694
22682
22680
22679
22661
22660
22652
22649
2158
2157
2156
2154
2153
2152
2151
2150
2149
2148
2147
2146
2145
2144
2143
2142
2141
2140
2139
522
521
520
519
518
517
516
515
513
511
510
509
508
507
506
505
504
503
1267
1266
1265
1264
1263
1262
1261
1259
1258
1257
1256
1255
1254
1253
1252
1251
1250
1249
1248
1247
2135
2133
2132
2129
2127
2126
2125
2124
2123
2122
2121
2119
2117
1894
1893
1892
1891
1890
1889
1888
1887
1886
1885
1884
1883
1882
1881
1880
1879
1878
1877
1876
1875
93950
93949
93945
93943
93942
93938
93937
93936
93931
93927
1017
1016
1015
1013
1012
1011
1010
1009
1008
1007
1005
1004
1003
1001
1000
999
997
996
995
